% Parameters
m1 = 2500; 
m2 = 320;
k1 = 80000; 
k2 = 500000;
b1 = 350; 
b2 = 15020;

% State-space matrices
A = [0, 1, 0, 0;
    -k1/m1, -b1/m1, k1/m1, b1/m1;
     0, 0, 0, 1;
     k1/m2, b1/m2, -(k1+k2)/m2, -(b1+b2)/m2];

B = [0, 0;
     1/m1, 0;
     0, 0;
     -1/m2, k2/m2 + b2/m2];

C = [1, 0, -1, 0];
D = [0, 0];
